6.102267864693446427e+03
6.114038993737304736e+03
6.114359472148204077e+03
6.111709059749491644e+03
6.118947961214380484e+03
6.118430078820238123e+03
6.119327421468735338e+03
6.127012725344644423e+03
6.118145785586962120e+03
6.105938978909464822e+03
6.104135314300237951e+03
6.111066075161029403e+03
6.100388760288065896e+03
6.092843707684496621e+03
6.122215756755613256e+03
6.108520983162704397e+03
6.100256025369978488e+03
6.103992213947190066e+03
6.112896376780958235e+03
6.118392843474932306e+03
6.122852137691885218e+03
6.120421742629616347e+03
6.106739419511572123e+03
6.130174470244892291e+03
6.119688508277935398e+03
6.135825396825396638e+03
6.119198726626617827e+03
6.122092805847108139e+03
6.113154285714284924e+03
6.115285268652915875e+03
6.107381489361702734e+03
6.111406239410369380e+03
6.106069052891576575e+03
6.117270851063830378e+03
6.114323531898702640e+03
6.112587344028521329e+03
6.094369472212809342e+03
6.112094278943804966e+03
6.125571304678906927e+03
6.104142694063927593e+03
6.110979633314984312e+03
6.112902850728565681e+03
6.123652686762778103e+03
6.108308840413317739e+03
6.122918169032092919e+03
6.118048418209876218e+03
6.117025377490166647e+03
6.131422222222222445e+03
6.112616219532837931e+03
6.119034268044731107e+03
6.130889600203501686e+03
6.115960233297984814e+03
6.117392694063926683e+03
6.114207304526749795e+03
6.102326110852745842e+03
6.115186073059359842e+03
6.105373429767795642e+03
6.123493001060445749e+03
6.120516542948038477e+03
6.113078573542467893e+03
6.113366577845451502e+03
6.117062872340425201e+03
6.128889083837144426e+03
6.113770925110132339e+03
6.122419300106044830e+03
6.117336507936507587e+03
6.123587659574467580e+03
6.125019338185511515e+03
6.104209876543210157e+03
6.121417888004066299e+03
6.122272783408569012e+03
6.108021587301587715e+03
6.118620125303669738e+03
6.107603297872339681e+03
6.116155462184874523e+03
6.122106202173085876e+03
6.115103911205073928e+03
6.112866321442270419e+03
6.108959255319149634e+03
6.123544334975369566e+03
6.112519690576653375e+03
6.115238558352402833e+03
6.117742660123530186e+03
6.109525678991454697e+03
6.121955822527333112e+03
6.118232234042553500e+03
6.125847108315982041e+03
6.130702895777522826e+03
6.110846013879485326e+03
6.114718258534713641e+03
6.111428296621992558e+03
6.116268580291505714e+03
6.117340936018958018e+03
6.118845256215119662e+03
6.113331966346763693e+03
6.097996489361701606e+03
6.111843596059112315e+03
6.111353760327058808e+03
6.123607370913858176e+03
6.112608018527174863e+03
6.118306000508517172e+03
6.129057836215279167e+03
6.118701687603095706e+03
6.114584344737177162e+03
6.112198720945056266e+03
6.129681647148353477e+03
6.117245386031772796e+03
6.109759302325581302e+03
6.112144865344776917e+03
6.116323713608666367e+03
6.098819164691944025e+03
6.096906914893616886e+03
6.124225748401575402e+03
6.110169523809523525e+03
6.121088723997971101e+03
6.114902127659574944e+03
6.133380338266384570e+03
6.115658165207461025e+03
6.119678711887342615e+03
6.110824356318436912e+03
6.113167082505180588e+03
6.109497393846935665e+03
6.114542820197566471e+03
6.132960258740962672e+03
6.125982396606574184e+03
6.115854278074866670e+03
6.111980116165685104e+03
6.124192788831013786e+03
6.122863215328003207e+03
6.115683545384681565e+03
6.133405294540533760e+03
6.113352567121997708e+03
6.104247507953341483e+03
6.107099627954170501e+03
6.108011245930749283e+03
6.118569857615052570e+03
6.123024801797599139e+03
6.114852063492062371e+03
6.098635483734327863e+03
6.115862848179081084e+03
6.110343902439024532e+03
6.112943297872339826e+03
6.127404324644550798e+03
6.123364345509893610e+03
6.111680844307066764e+03
6.126031058136088177e+03
6.113776825396825188e+03
6.120065255097723821e+03
6.106014705882353155e+03
6.114570111873887981e+03
6.118565378272085582e+03
6.121937028512978031e+03
6.110692424819185362e+03
6.111316861081653769e+03
6.105132671250318708e+03
6.114497267526257929e+03
6.103295076766908096e+03
6.116310147991543090e+03
6.120530917298356144e+03
6.115368900372755888e+03
6.111676996575486555e+03
6.113468290208016697e+03
6.122699260042283640e+03
6.115970129375951728e+03
6.118425396825397002e+03
6.116885004016403400e+03
6.110286179343000185e+03
6.124509119830328927e+03
6.107140842390154830e+03
6.102177306468717688e+03
6.106919489912447716e+03
6.125290745359996436e+03
6.104392394233648702e+03
6.111939986297264113e+03
6.108024947145877377e+03
6.121901591307695526e+03
6.114975060594463685e+03
6.116350369458128625e+03
6.128469448205822118e+03
6.126177211934155821e+03
6.113095086057428489e+03
6.109902042887959396e+03
6.117642494561277090e+03
6.104447558961765026e+03
6.112200397412590064e+03
6.112800318133616202e+03
6.120103584640897679e+03
6.114819168288349829e+03
6.104976773450497603e+03
6.115637205565188196e+03
6.113517653276956480e+03
6.118066858618792139e+03
6.105270948892746674e+03
6.112438553086209140e+03
6.116494334097274987e+03
6.110006057268723453e+03
6.129620107590648331e+03
6.107108990147783516e+03
6.120521739130434980e+03
6.116601385710653631e+03
6.101966727380548946e+03
6.095536788296189115e+03
6.111106709508307176e+03
6.110146325959827664e+03
6.108838612016767911e+03
6.119724488065459809e+03
6.112884778012685274e+03
6.123540449105594234e+03
6.118062838524035215e+03
6.120701103500761747e+03
6.116056633688483089e+03
6.112566206954903464e+03
6.109468888888888614e+03
6.124838021009827571e+03
6.125980063626722767e+03
6.107831262983847409e+03
6.103495535144789756e+03
6.123902697864723450e+03
6.114184337655733543e+03
6.116998498752484920e+03
6.116846405919661265e+03
6.101856740859851925e+03
6.111772783251230976e+03
6.112149574468085120e+03
6.117988838625120479e+03
6.108341939173162245e+03
6.116644548458149984e+03
6.093766067653277787e+03
6.111237625439302064e+03
6.115137808288838642e+03
6.110999089291764903e+03
6.108747821304678837e+03
6.111283775185576815e+03
6.110204849356804516e+03
6.124657310263135514e+03
6.107642884322678583e+03
6.104539468085105909e+03
6.133956190476190386e+03
6.109750253828580753e+03
6.126499047619047815e+03
6.109196818663838712e+03
6.123236507936508133e+03
6.120898350594553449e+03
6.103464646678225108e+03
6.109690465037050672e+03
6.096033802638255111e+03
6.111637528051827758e+03
6.125475478165200911e+03
6.108024869940362805e+03
6.112070507399577764e+03
6.105415547883902036e+03
6.127529105677299412e+03
6.104129069767441251e+03
6.122027957584532487e+03
6.126645877378436126e+03
6.109413622526635663e+03
6.119803429855428476e+03
6.111207444778903664e+03
6.118778288046945818e+03
6.109526241104710607e+03
6.114188491308210359e+03
6.094870003806624482e+03
6.116241086984235153e+03
6.113097142857142899e+03
6.119092591026344962e+03
6.114330376423762573e+03
6.126915623149167004e+03
6.120441668077183749e+03
6.123694097472160138e+03
6.116956717554023271e+03
6.123804558186910981e+03
6.117292609640711817e+03
6.122113431127315380e+03
6.107023117709437429e+03
6.109755436162111437e+03
6.121517820149663748e+03
6.121253078817733694e+03
6.103431276595744748e+03
6.132365078022581656e+03
6.113134636563876484e+03
6.106051824755782945e+03
6.127003170979198330e+03
6.114867301587300972e+03
6.093098261091931818e+03
6.137267761650115062e+03
6.103981818181817289e+03
6.108073218298215579e+03
6.119885714285714130e+03
6.107804334038055458e+03
6.129366628469570060e+03
6.116813088871913351e+03
6.127980335771979298e+03
6.115137409979424774e+03
6.123497544141931940e+03
6.119967779056387371e+03
6.116342328401237864e+03
6.121842118665647831e+03
6.123225313993318196e+03
6.097386017721626558e+03
6.128635896459840296e+03
6.111175475687103244e+03
6.107518574212132080e+03
6.098635663051832125e+03
6.124865744680850185e+03
6.118205049261083332e+03
6.111515238095238601e+03
6.122969206349206615e+03
6.108071703849612277e+03
6.118052846907194180e+03
6.119020824524312957e+03
6.114503172186270604e+03
6.117693810248603768e+03
6.116732392575642734e+03
6.110534143763214161e+03
6.109985210731211737e+03
6.128740147783250904e+03
6.132325870646765907e+03
6.112723223753976526e+03
6.127895738203957080e+03
6.128148120300751543e+03
6.108525384257101905e+03
6.116596671882269220e+03
6.107041426878808124e+03
6.120089962762356663e+03
6.127341491298640904e+03
6.128685273711819718e+03
6.123708017930392089e+03
6.115234956838185099e+03
6.116956276595744384e+03
6.103719558599695119e+03
6.110988471951941392e+03
6.113059986467627823e+03
6.110198095238096357e+03
6.116479704016913274e+03
6.111120344142393151e+03
6.121473333333333358e+03
6.111996489361701606e+03
6.110026747578973300e+03
6.127988598866231769e+03
6.121253093506825280e+03
6.107121944468102811e+03
6.117120260663506997e+03
6.122510476190476766e+03
6.123874076903488458e+03
6.129306887495762567e+03
6.128183542697627672e+03
6.126303382663847515e+03
6.120204845814978398e+03
6.109427629626488851e+03
6.110043664493032338e+03
6.094135717909690356e+03
6.125183614498788302e+03
6.119303768557289004e+03
6.121241962448559207e+03
6.120115101678433348e+03
6.122079419101171879e+03
6.121169206349206434e+03
6.123129083446176082e+03
6.102510993657505423e+03
6.113118199509264741e+03
6.121555785735425161e+03
6.130694581280788952e+03
6.112535599458498837e+03
6.126098276665114099e+03
6.103732330922472102e+03
6.120218119527978160e+03
6.117310236120514674e+03
6.118742829342584628e+03
6.110812904453749070e+03
6.117430489664520792e+03
6.113217364532019928e+03
6.124274709116481972e+03
6.113151057082452098e+03
6.106209206349206397e+03
6.121305302226935964e+03
6.115440000000000509e+03
6.125124016414247308e+03
6.114434582609063909e+03
6.110624046933244244e+03
6.114279771335588521e+03
6.115274700789406779e+03
6.115028619385542697e+03
6.118855136028476409e+03
6.093939425355449202e+03
6.102072698412697719e+03
6.113582222222223209e+03
6.105617078956286605e+03
6.108633378441239984e+03
6.118802243589743739e+03
6.125056598974011649e+03
6.120901509386098041e+03
6.120547673531655164e+03
6.120895238299148332e+03
6.132794309602013527e+03
6.112415024630541666e+03
6.122693349753693838e+03
6.116085479498474342e+03
6.120654651708398887e+03
6.108176074243579933e+03
6.108134996611317547e+03
6.101420983634287950e+03
6.121444889397407678e+03
6.111562872340426111e+03
6.110578452945159370e+03
6.102770903859174723e+03
6.117194412182218002e+03
6.131237779566248719e+03
6.115174676368558721e+03
6.123889861692678096e+03
6.114024761904762272e+03
6.123837209794053706e+03
6.104976711690730554e+03
6.124437110409017805e+03
6.108239456195977255e+03
6.116830957446808497e+03
6.114392857142857792e+03
6.089890056229653965e+03
6.114707601222306948e+03
6.123746587574945806e+03
6.119522857142857902e+03
6.117414912986408126e+03
6.128207293868921624e+03
6.121300377326493617e+03
6.121876266587527425e+03
6.113388441375782349e+03
6.115735449847508789e+03
6.119074783971535908e+03
6.111064974382859873e+03
6.125075052854122077e+03
6.103466628527841749e+03
6.105959154750826201e+03
6.117757921043714305e+03
6.115231724342160305e+03
6.130277610548182565e+03
6.105703654358584572e+03
6.115984912415292456e+03
6.113174721902571036e+03
6.124509259259259125e+03
6.101083837273226891e+03
6.116393328538793867e+03
6.104189613526570611e+03
6.111948275862068840e+03
6.125672322375397925e+03
6.133905848002708808e+03
6.124275796340223678e+03
6.123183342495877696e+03
6.121805584959985936e+03
6.127504819888381462e+03
6.106832187420422997e+03
6.126404109589040672e+03
6.115196664129884084e+03
6.096243081415031156e+03
6.147248006687243105e+03
6.118941904761904880e+03
6.118099864676280049e+03
6.100099268127591131e+03
6.118627323656735825e+03
6.089911066432818188e+03
6.117071353065539370e+03
6.132885293744448063e+03
6.110448554007706662e+03
6.105715809072444245e+03
6.122471704506946480e+03
6.102785412262155660e+03
6.126060320751523250e+03
6.126296803652968265e+03
6.111845037651240091e+03
6.118392152704135697e+03
6.124066502463054348e+03
6.096824246406918974e+03
6.111047674418604402e+03
6.127235952915274538e+03
6.108220781144211287e+03
6.132548220436279735e+03
6.125096319699427113e+03
6.119713144210037171e+03
6.118173300165836736e+03
6.118867783276234150e+03
6.102301797040168822e+03
6.126035873015873221e+03
6.130562772579074590e+03
6.100741965533302391e+03
6.112843519225873024e+03
6.106968143575868453e+03
6.113226821122057117e+03
6.116685925392726858e+03
6.097686046511627865e+03
6.121284883720929429e+03
6.110682241014798819e+03
6.109384143763212705e+03
6.125004684439145421e+03
6.122444486885664446e+03
6.115155073995772000e+03
6.114496136111348278e+03
6.122235997123276320e+03
6.122344483818631488e+03
6.113131155523562484e+03
6.126705306488078350e+03
6.121355238095237837e+03
6.117489021913867873e+03
